0 1.5957 2.6596 2.6596 1.5957
5 0.66525 1.7298 2.6608 2.526
10 0.23368 1.299 2.662 2.9573
15 0.075084 1.1411 2.6633 3.1157
20 0.02367 1.0905 2.6645 3.1668
25 0.0078599 1.0754 2.6657 3.1824
30 0.0030731 1.0713 2.667 3.1869
35 0.0016357 1.0706 2.6682 3.1881
40 0.0012036 1.0709 2.6694 3.1883
45 0.0010738 1.0715 2.6706 3.1882
50 0.0010344 1.0722 2.6719 3.188
55 0.001022 1.073 2.6731 3.1878
60 0.0010178 1.0737 2.6743 3.1875
65 0.0010159 1.0744 2.6755 3.1873
70 0.0010147 1.0752 2.6768 3.187
75 0.0010139 1.0759 2.678 3.1868
80 0.001013 1.0766 2.6792 3.1866
85 0.0010121 1.0774 2.6804 3.1863
90 0.0010113 1.0781 2.6816 3.1861
95 0.0010104 1.0788 2.6829 3.1858
100 0.0010096 1.0795 2.6841 3.1856
