0 1.5957 0.53191 2.6596 1.5957
5 1.2876 0.22381 2.6608 1.9036
10 1.1565 0.09271 2.662 2.0345
15 1.1023 0.038473 2.6633 2.0884
20 1.08 0.016218 2.6645 2.1105
25 1.0709 0.0071119 2.6657 2.1193
30 1.0672 0.0033911 2.667 2.1228
35 1.0657 0.0018715 2.6682 2.1241
40 1.0651 0.0012511 2.6694 2.1244
45 1.0648 0.00099781 2.6706 2.1245
50 1.0647 0.00089428 2.6719 2.1243
55 1.0647 0.00085191 2.6731 2.1241
60 1.0647 0.00083453 2.6743 2.1239
65 1.0647 0.0008271 2.6755 2.1236
70 1.0647 0.00082399 2.6768 2.1234
75 1.0647 0.00082249 2.678 2.1232
80 1.0647 0.00082175 2.6792 2.1229
85 1.0647 0.00082121 2.6804 2.1227
90 1.0647 0.00082082 2.6816 2.1224
95 1.0647 0.00082046 2.6829 2.1222
100 1.0646 0.00082013 2.6841 2.1219
