0 2.6596 1.5957 2.6596 1.5957
5 1.8032 0.73866 2.6608 2.4526
10 1.3811 0.31577 2.662 2.8752
15 1.1975 0.13145 2.6633 3.0593
20 1.1215 0.054675 2.6645 3.1358
25 1.0907 0.023145 2.6657 3.1671
30 1.0785 0.010252 2.667 3.1798
35 1.074 0.0049885 2.6682 3.1848
40 1.0726 0.0028424 2.6694 3.1867
45 1.0724 0.0019679 2.6706 3.1873
50 1.0728 0.0016115 2.6719 3.1874
55 1.0734 0.0014661 2.6731 3.1873
60 1.0741 0.0014064 2.6743 3.1871
65 1.0748 0.0013814 2.6755 3.1869
70 1.0755 0.0013707 2.6768 3.1867
75 1.0762 0.0013659 2.678 3.1864
80 1.077 0.0013632 2.6792 3.1862
85 1.0777 0.0013617 2.6804 3.186
90 1.0784 0.0013604 2.6816 3.1857
95 1.0792 0.0013593 2.6829 3.1855
100 1.0799 0.0013583 2.6841 3.1852
