0 1 1 1 0.6
5 0.58216 0.58216 1.0005 1.018
10 0.37366 0.37366 1.0009 1.2267
15 0.26264 0.26264 1.0014 1.3379
20 0.19791 0.19791 1.0019 1.4028
25 0.15686 0.15686 1.0023 1.4441
30 0.12918 0.12918 1.0028 1.4719
35 0.10947 0.10947 1.0032 1.4918
40 0.094883 0.094883 1.0037 1.5066
45 0.083719 0.083719 1.0042 1.5179
50 0.074956 0.074956 1.0046 1.5269
55 0.067927 0.067927 1.0051 1.5341
60 0.06219 0.06219 1.0055 1.54
65 0.057436 0.057436 1.006 1.545
70 0.053447 0.053447 1.0065 1.5491
75 0.050063 0.050063 1.0069 1.5527
80 0.047167 0.047167 1.0074 1.5558
85 0.044666 0.044666 1.0078 1.5585
90 0.042493 0.042493 1.0083 1.5608
95 0.040593 0.040593 1.0088 1.5629
100 0.038921 0.038921 1.0092 1.5648
