0 2.6596 2.6596 1.5957 1.5957
5 2.013 2.013 1.5962 2.2428
10 1.5044 1.5044 1.5967 2.7519
15 1.1227 1.1227 1.5972 3.1341
20 0.84663 0.84663 1.5977 3.4107
25 0.65093 0.65093 1.5982 3.6068
30 0.51271 0.51271 1.5987 3.7456
35 0.41403 0.41403 1.5992 3.8447
40 0.34236 0.34236 1.5997 3.9169
45 0.28917 0.28917 1.6002 3.9706
50 0.24885 0.24885 1.6007 4.0114
55 0.21765 0.21765 1.6011 4.0431
60 0.19305 0.19305 1.6016 4.0682
65 0.17333 0.17333 1.6021 4.0884
70 0.15729 0.15729 1.6026 4.1049
75 0.14406 0.14406 1.6031 4.1186
80 0.13302 0.13302 1.6036 4.1301
85 0.12373 0.12373 1.6041 4.1399
90 0.11582 0.11582 1.6046 4.1483
95 0.10905 0.10905 1.6051 4.1556
100 0.10321 0.10321 1.6055 4.1619
