0 2.7375 1.5349e+05 7.3399
0 3.3763 1.9862e+05 6.3986
0 2.7966 1.8283e+05 7.8301
0 3.2415 1.7393e+05 6.1005
0 3.4366 2.0321e+05 6.3811
0 3.291 1.571e+05 6.4163
0 2.8479 1.7988e+05 7.8942
0 3.3808 2.0253e+05 6.9054
0 2.5866 1.8994e+05 6.901
0 2.8243 1.5815e+05 6.1827
0 2.9798 1.9785e+05 8.0294
0 2.9048 1.8288e+05 7.6041
0 2.7199 2.0435e+05 7.9116
0 3.3033 1.6026e+05 6.7527
0 3.0889 1.6826e+05 7.756
0 2.9664 1.9544e+05 7.6327
0 3.3099 1.5378e+05 7.5712
0 3.0107 1.976e+05 6.596
0 3.2356 1.8525e+05 7.7737
0 3.3968 1.7509e+05 7.4059
0 3.0463 1.7622e+05 7.1688
0 2.6374 1.6651e+05 7.274
0 2.6644 1.6715e+05 7.719
0 3.421 1.6824e+05 7.4461
0 2.9841 1.9384e+05 6.4685
0 2.7536 2.0194e+05 6.9711
0 3.2084 2.0273e+05 6.6556
0 3.1214 1.5681e+05 6.131
0 3.3412 1.9552e+05 6.028
0 2.6913 1.9196e+05 7.6349
0 2.8755 1.758e+05 7.8985
0 3.3471 1.8328e+05 6.5748
0 3.4382 1.7474e+05 6.6385
0 3.4031 1.576e+05 7.0803
0 3.1753 1.7259e+05 7.4926
0 3.0803 1.7458e+05 6.7666
0 3.3469 1.8331e+05 6.1405
0 3.0328 1.7272e+05 6.8713
0 2.777 1.5754e+05 8.0289
0 2.9612 1.6317e+05 6.0885
0 2.9569 1.9967e+05 7.1677
0 3.1631 1.7903e+05 7.5434
0 2.5683 1.9611e+05 6.4563
0 3.204 1.8254e+05 5.9622
0 3.0228 1.5862e+05 7.1982
0 3.0668 1.634e+05 5.9717
0 3.4433 2.0473e+05 7.4429
0 3.12 1.6341e+05 7.75
0 3.2955 1.7404e+05 7.6933
0 3.1459 1.6867e+05 6.5354
